#Time (us) ; Current (mA) ; Voltage (V) ; PC ; IRQ 
3038386112 ; 0.199724 ; 3.29567 ; 0 ; 0
3038486112 ; 0.204103 ; 3.29529 ; 0 ; 0
3038588112 ; 0.206434 ; 3.29575 ; 0 ; 0
3038681112 ; 0.198801 ; 3.2959 ; 0 ; 0
3038782112 ; 0.204526 ; 3.29559 ; 0 ; 0
3038879112 ; 0.204767 ; 3.29536 ; 0 ; 0
3038980112 ; 0.203779 ; 3.29544 ; 0 ; 0
3039081112 ; 0.203088 ; 3.29575 ; 0 ; 0
3039178112 ; 0.20614 ; 3.29559 ; 0 ; 0
3039280112 ; 0.2086 ; 3.29559 ; 0 ; 0
3039381112 ; 0.198617 ; 3.29536 ; 0 ; 0
3039486112 ; 0.214784 ; 3.29552 ; 0 ; 0
3039586112 ; 0.204252 ; 3.29582 ; 0 ; 0
3039678112 ; 0.205732 ; 3.29536 ; 0 ; 0
3039781112 ; 0.202943 ; 3.29552 ; 0 ; 0
3039884112 ; 0.205427 ; 3.29529 ; 0 ; 0
3039983112 ; 0.206071 ; 3.29536 ; 0 ; 0
3040083112 ; 0.201902 ; 3.29552 ; 0 ; 0
3040183112 ; 0.198633 ; 3.29575 ; 0 ; 0
3040287112 ; 0.205041 ; 3.29544 ; 0 ; 0
3040388112 ; 0.197565 ; 3.29575 ; 0 ; 0
3040489112 ; 0.204339 ; 3.29529 ; 0 ; 0
3040592112 ; 0.203111 ; 3.29544 ; 0 ; 0
3040689112 ; 0.204145 ; 3.29842 ; 0 ; 0
3040790112 ; 0.205827 ; 3.29552 ; 0 ; 0
3040887112 ; 0.204503 ; 3.29536 ; 0 ; 0
3040989112 ; 0.200983 ; 3.29582 ; 0 ; 0
3041092112 ; 0.198221 ; 3.29567 ; 0 ; 0
3041191112 ; 0.20614 ; 3.29575 ; 0 ; 0
3041294112 ; 0.197557 ; 3.29552 ; 0 ; 0
3041396112 ; 0.200017 ; 3.29567 ; 0 ; 0
3041500112 ; 0.210176 ; 3.29529 ; 0 ; 0
3041603112 ; 0.202657 ; 3.29674 ; 0 ; 0
3041703112 ; 0.209585 ; 3.29529 ; 0 ; 0
3041803112 ; 0.20725 ; 3.29544 ; 0 ; 0
3041906112 ; 0.200983 ; 3.29536 ; 0 ; 0
3042010112 ; 0.204435 ; 3.29559 ; 0 ; 0
3042112112 ; 0.199792 ; 3.29552 ; 0 ; 0
3042214112 ; 0.208768 ; 3.29567 ; 0 ; 0
3042315112 ; 0.209306 ; 3.29605 ; 0 ; 0
3042415112 ; 0.204206 ; 3.29575 ; 0 ; 0
3042521112 ; 0.208578 ; 3.29613 ; 0 ; 0
3042622112 ; 17.3933 ; 3.29887 ; 0 ; 0
3042731112 ; 12.9106 ; 3.29819 ; 0 ; 0
3042832112 ; 12.8655 ; 3.29773 ; 0 ; 0
3042943112 ; 12.8729 ; 3.29803 ; 0 ; 0
3043044112 ; 12.8741 ; 3.29811 ; 0 ; 0
3043146112 ; 12.8935 ; 3.29796 ; 0 ; 0
3043248112 ; 12.8972 ; 3.29819 ; 0 ; 0
3043347112 ; 12.9142 ; 3.29796 ; 0 ; 0
3043448112 ; 12.8984 ; 3.29811 ; 0 ; 0
3043553112 ; 17.5576 ; 3.29941 ; 0 ; 0
3043655112 ; 4.76824 ; 3.29689 ; 0 ; 0
3043750112 ; 4.75607 ; 3.29613 ; 0 ; 0
3043853112 ; 0.206403 ; 3.29544 ; 0 ; 0
3043955112 ; 0.204641 ; 3.29575 ; 0 ; 0
3044058112 ; 0.210142 ; 3.2962 ; 0 ; 0
3044159112 ; 0.200578 ; 3.29529 ; 0 ; 0
3044262112 ; 0.203252 ; 3.29559 ; 0 ; 0
3044362112 ; 0.208665 ; 3.29704 ; 0 ; 0
3044464112 ; 0.203535 ; 3.29559 ; 0 ; 0
3044559112 ; 18.097 ; 3.29926 ; 0 ; 0
3044663112 ; 18.1639 ; 3.29933 ; 0 ; 0
3044764112 ; 5.114 ; 3.29605 ; 0 ; 0
3044866112 ; 5.42324 ; 3.29651 ; 0 ; 0
3044963112 ; 5.30636 ; 3.29628 ; 0 ; 0
3045053112 ; 0.387834 ; 3.29567 ; 0 ; 0
3045160112 ; 0.374442 ; 3.29567 ; 0 ; 0
3045260112 ; 0.390269 ; 3.29559 ; 0 ; 0
3045359112 ; 0.384182 ; 3.29529 ; 0 ; 0
3045460112 ; 17.5235 ; 3.29865 ; 0 ; 0
3045552112 ; 13.1334 ; 3.29811 ; 0 ; 0
3045646112 ; 13.1529 ; 3.29781 ; 0 ; 0
3045748112 ; 13.0713 ; 3.29803 ; 0 ; 0
3045851112 ; 13.081 ; 3.29819 ; 0 ; 0
3045955112 ; 13.0993 ; 3.29796 ; 0 ; 0
3046055112 ; 13.103 ; 3.29803 ; 0 ; 0
3046151112 ; 13.1078 ; 3.29803 ; 0 ; 0
3046252112 ; 13.1322 ; 3.29788 ; 0 ; 0
3046358112 ; 13.1224 ; 3.29803 ; 0 ; 0
3046462112 ; 13.1297 ; 3.29788 ; 0 ; 0
3046573112 ; 17.5661 ; 3.29895 ; 0 ; 0
3046689112 ; 17.5613 ; 3.29903 ; 0 ; 0
3046785112 ; 17.7475 ; 3.29926 ; 0 ; 0
3046877112 ; 17.7256 ; 3.29933 ; 0 ; 0
3046978112 ; 17.7646 ; 3.29895 ; 0 ; 0
3047090112 ; 4.84616 ; 3.29933 ; 0 ; 0
3047193112 ; 4.94356 ; 3.29643 ; 0 ; 0
3047295112 ; 0.37079 ; 3.29567 ; 0 ; 0
3047393112 ; 0.374442 ; 3.29636 ; 0 ; 0
3047503112 ; 0.376877 ; 3.29536 ; 0 ; 0
3047608112 ; 0.38053 ; 3.29735 ; 0 ; 0
3047713112 ; 0.376877 ; 3.29536 ; 0 ; 0
3047818112 ; 0.373225 ; 3.29582 ; 0 ; 0
3047918112 ; 0.379312 ; 3.29582 ; 0 ; 0
3048021112 ; 0.384182 ; 3.29544 ; 0 ; 0
3048122112 ; 0.37566 ; 3.29552 ; 0 ; 0
3048229112 ; 0.372008 ; 3.29544 ; 0 ; 0
3048331112 ; 0.373225 ; 3.29536 ; 0 ; 0
3048434112 ; 0.36592 ; 3.29552 ; 0 ; 0
3048541112 ; 0.38053 ; 3.29559 ; 0 ; 0
3048653112 ; 0.363485 ; 3.29529 ; 0 ; 0
3048756112 ; 0.367138 ; 3.29559 ; 0 ; 0
3048860112 ; 0.367138 ; 3.29514 ; 0 ; 0
3048965112 ; 0.376877 ; 3.29651 ; 0 ; 0
3049076112 ; 0.386617 ; 3.29529 ; 0 ; 0
3049176112 ; 0.379312 ; 3.29544 ; 0 ; 0
3049279112 ; 0.378095 ; 3.29498 ; 0 ; 0
3049379112 ; 19.1196 ; 3.29933 ; 0 ; 0
3049484112 ; 19.3741 ; 3.29964 ; 0 ; 0
3049588112 ; 5.52185 ; 3.29834 ; 0 ; 0
3049692112 ; 5.51941 ; 3.29674 ; 0 ; 0
3049792112 ; 5.36601 ; 3.29628 ; 0 ; 0
3049897112 ; 5.49507 ; 3.29643 ; 0 ; 0
3050003112 ; 5.32097 ; 3.29651 ; 0 ; 0
3050106112 ; 5.53524 ; 3.29643 ; 0 ; 0
3050207112 ; 5.3234 ; 3.29651 ; 0 ; 0
3050305112 ; 5.22966 ; 3.29636 ; 0 ; 0
3050406112 ; 5.48046 ; 3.29651 ; 0 ; 0
3050499112 ; 5.38549 ; 3.30002 ; 0 ; 0
3050600112 ; 5.45732 ; 3.29613 ; 0 ; 0
3050707112 ; 17.9375 ; 3.29933 ; 0 ; 0
3050808112 ; 18.0008 ; 3.29956 ; 0 ; 0
3050910112 ; 5.07139 ; 3.29643 ; 0 ; 0
3051011112 ; 5.32462 ; 3.29628 ; 0 ; 0
3051112112 ; 5.142 ; 3.2962 ; 0 ; 0
3051213112 ; 5.28932 ; 3.29643 ; 0 ; 0
3051318112 ; 5.49994 ; 3.29659 ; 0 ; 0
3051421112 ; 5.45489 ; 3.29628 ; 0 ; 0
3051523112 ; 5.53524 ; 3.29643 ; 0 ; 0
3051620112 ; 5.04826 ; 3.29643 ; 0 ; 0
3051728112 ; 17.0049 ; 3.29895 ; 0 ; 0
3051827112 ; 17.2667 ; 3.29987 ; 0 ; 0
3051929112 ; 5.31853 ; 3.29666 ; 0 ; 0
3052032112 ; 5.48533 ; 3.2959 ; 0 ; 0
3052135112 ; 5.33193 ; 3.2962 ; 0 ; 0
3052244112 ; 5.53524 ; 3.29628 ; 0 ; 0
3052345112 ; 5.52794 ; 3.29651 ; 0 ; 0
3052453112 ; 5.51333 ; 3.2962 ; 0 ; 0
3052553112 ; 5.50846 ; 3.29704 ; 0 ; 0
3052658112 ; 19.1988 ; 3.29964 ; 0 ; 0
3052753112 ; 19.161 ; 3.29933 ; 0 ; 0
3052846112 ; 5.46585 ; 3.29636 ; 0 ; 0
3052949112 ; 5.45976 ; 3.29659 ; 0 ; 0
3053052112 ; 5.4135 ; 3.29651 ; 0 ; 0
3053147112 ; 5.46463 ; 3.29659 ; 0 ; 0
3053246112 ; 5.31245 ; 3.29643 ; 0 ; 0
3053352112 ; 5.37819 ; 3.29643 ; 0 ; 0
3053446112 ; 5.37819 ; 3.29651 ; 0 ; 0
3053549112 ; 5.30879 ; 3.29651 ; 0 ; 0
3053651112 ; 5.34654 ; 3.29659 ; 0 ; 0
3053753112 ; 5.2394 ; 3.29659 ; 0 ; 0
3053858112 ; 0.317222 ; 3.29567 ; 0 ; 0
3053962112 ; 0.31357 ; 3.29575 ; 0 ; 0
3054066112 ; 0.318439 ; 3.29605 ; 0 ; 0
3054171112 ; 0.319657 ; 3.29575 ; 0 ; 0
3054274112 ; 0.309917 ; 3.29567 ; 0 ; 0
3054382112 ; 0.317222 ; 3.29567 ; 0 ; 0
3054484112 ; 0.317222 ; 3.29559 ; 0 ; 0
3054588112 ; 0.301395 ; 3.2959 ; 0 ; 0
3054694112 ; 0.312352 ; 3.29544 ; 0 ; 0
3054798112 ; 0.323309 ; 3.29575 ; 0 ; 0
3054900112 ; 0.3087 ; 3.29613 ; 0 ; 0
3055002112 ; 0.31357 ; 3.29552 ; 0 ; 0
3055102112 ; 17.4286 ; 3.29918 ; 0 ; 0
3055209112 ; 12.9471 ; 3.29773 ; 0 ; 0
3055311112 ; 12.8765 ; 3.29819 ; 0 ; 0
3055412112 ; 12.8887 ; 3.30078 ; 0 ; 0
3055515112 ; 12.8875 ; 3.29788 ; 0 ; 0
3055618112 ; 12.9033 ; 3.29788 ; 0 ; 0
3055718112 ; 12.8996 ; 3.29834 ; 0 ; 0
3055816112 ; 12.9155 ; 3.29819 ; 0 ; 0
3055915112 ; 12.9276 ; 3.29819 ; 0 ; 0
3056022112 ; 12.9203 ; 3.29826 ; 0 ; 0
3056119112 ; 12.9252 ; 3.29803 ; 0 ; 0
3056224112 ; 12.9203 ; 3.29849 ; 0 ; 0
3056325112 ; 12.9459 ; 3.29803 ; 0 ; 0
3056429112 ; 12.941 ; 3.29811 ; 0 ; 0
3056529112 ; 12.9337 ; 3.29781 ; 0 ; 0
3056640112 ; 12.9605 ; 3.29834 ; 0 ; 0
3056742112 ; 12.9544 ; 3.29781 ; 0 ; 0
3056842112 ; 12.9447 ; 3.29796 ; 0 ; 0
3056946112 ; 12.952 ; 3.29834 ; 0 ; 0
3057042112 ; 12.9556 ; 3.29849 ; 0 ; 0
3057147112 ; 12.9763 ; 3.29857 ; 0 ; 0
3057247112 ; 12.969 ; 3.29849 ; 0 ; 0
3057346112 ; 12.969 ; 3.29826 ; 0 ; 0
3057446112 ; 12.9739 ; 3.29819 ; 0 ; 0
3057550112 ; 12.9727 ; 3.29811 ; 0 ; 0
3057642112 ; 12.9763 ; 3.30009 ; 0 ; 0
3057756112 ; 12.9812 ; 3.29857 ; 0 ; 0
3057855112 ; 12.9776 ; 3.29834 ; 0 ; 0
3057948112 ; 12.9776 ; 3.29819 ; 0 ; 0
3058042112 ; 12.9727 ; 3.29887 ; 0 ; 0
3058140112 ; 12.9909 ; 3.29849 ; 0 ; 0
3058247112 ; 12.9861 ; 3.29826 ; 0 ; 0
3058346112 ; 12.9922 ; 3.29948 ; 0 ; 0
3058449112 ; 12.9983 ; 3.29826 ; 0 ; 0
3058542112 ; 17.4919 ; 3.29933 ; 0 ; 0
3058643112 ; 13.1261 ; 3.29834 ; 0 ; 0
3058740112 ; 13.075 ; 3.29842 ; 0 ; 0
3058833112 ; 13.081 ; 3.29849 ; 0 ; 0
3058925112 ; 13.1054 ; 3.29834 ; 0 ; 0
3059025112 ; 13.1005 ; 3.29834 ; 0 ; 0
3059130112 ; 13.1261 ; 3.29834 ; 0 ; 0
3059234112 ; 13.1115 ; 3.29819 ; 0 ; 0
3059334112 ; 13.1407 ; 3.29819 ; 0 ; 0
3059434112 ; 13.1346 ; 3.29865 ; 0 ; 0
3059536112 ; 13.1456 ; 3.29849 ; 0 ; 0
3059646112 ; 13.137 ; 3.29979 ; 0 ; 0
3059741112 ; 13.1468 ; 3.29796 ; 0 ; 0
3059844112 ; 17.6453 ; 3.29933 ; 0 ; 0
3059948112 ; 17.6903 ; 3.29964 ; 0 ; 0
3060049112 ; 4.94964 ; 3.29666 ; 0 ; 0
3060150112 ; 4.94721 ; 3.29666 ; 0 ; 0
3060258112 ; 4.95573 ; 3.29674 ; 0 ; 0
3060364112 ; 4.97399 ; 3.29643 ; 0 ; 0
3060468112 ; 4.84738 ; 3.29651 ; 0 ; 0
3060571112 ; 0.381747 ; 3.29567 ; 0 ; 0
3060686112 ; 0.3854 ; 3.2959 ; 0 ; 0
3060796112 ; 0.379312 ; 3.29559 ; 0 ; 0
3060902112 ; 0.392704 ; 3.29575 ; 0 ; 0
3061003112 ; 0.381747 ; 3.29536 ; 0 ; 0
3061114112 ; 0.38053 ; 3.29544 ; 0 ; 0
3061216112 ; 0.378095 ; 3.29597 ; 0 ; 0
3061316112 ; 0.3854 ; 3.29552 ; 0 ; 0
3061420112 ; 0.386617 ; 3.29567 ; 0 ; 0
3061523112 ; 0.379312 ; 3.29559 ; 0 ; 0
3061626112 ; 0.37566 ; 3.29811 ; 0 ; 0
3061734112 ; 18.0921 ; 3.29933 ; 0 ; 0
3061834112 ; 17.8839 ; 3.29933 ; 0 ; 0
3061937112 ; 18.1895 ; 3.29933 ; 0 ; 0
3062041112 ; 5.4135 ; 3.29636 ; 0 ; 0
3062143112 ; 5.38184 ; 3.29666 ; 0 ; 0
3062237112 ; 5.45611 ; 3.29674 ; 0 ; 0
3062341112 ; 5.40619 ; 3.29666 ; 0 ; 0
3062442112 ; 4.96547 ; 3.29659 ; 0 ; 0
3062547112 ; 0.212835 ; 3.29582 ; 0 ; 0
3062664112 ; 0.211484 ; 3.29559 ; 0 ; 0
3062757112 ; 0.215505 ; 3.29758 ; 0 ; 0
3062869112 ; 0.214586 ; 3.29582 ; 0 ; 0
3062976112 ; 0.216215 ; 3.29567 ; 0 ; 0
3063083112 ; 0.211988 ; 3.29567 ; 0 ; 0
3063186112 ; 0.205556 ; 3.29582 ; 0 ; 0
3063290112 ; 0.208303 ; 3.29575 ; 0 ; 0
3063396112 ; 0.210462 ; 3.29567 ; 0 ; 0
3063500112 ; 0.210329 ; 3.29559 ; 0 ; 0
3063621112 ; 0.219388 ; 3.29544 ; 0 ; 0
3063731112 ; 0.208021 ; 3.29987 ; 0 ; 0
3063834112 ; 0.210817 ; 3.29552 ; 0 ; 0
3063938112 ; 18.1846 ; 3.29903 ; 0 ; 0
3064041112 ; 18.2114 ; 3.29941 ; 0 ; 0
3064143112 ; 18.1797 ; 3.29956 ; 0 ; 0
3064246112 ; 5.25157 ; 3.29674 ; 0 ; 0
3064351112 ; 5.14444 ; 3.29636 ; 0 ; 0
3064444112 ; 0.401226 ; 3.29567 ; 0 ; 0
3064549112 ; 0.398792 ; 3.29559 ; 0 ; 0
3064658112 ; 0.396357 ; 3.29567 ; 0 ; 0
3064760112 ; 0.397574 ; 3.29521 ; 0 ; 0
3064866112 ; 0.387834 ; 3.29552 ; 0 ; 0
3064967112 ; 0.408531 ; 3.29544 ; 0 ; 0
3065067112 ; 0.404879 ; 3.29552 ; 0 ; 0
3065168112 ; 0.382965 ; 3.2959 ; 0 ; 0
3065270112 ; 0.393922 ; 3.29552 ; 0 ; 0
3065377112 ; 0.390269 ; 3.29582 ; 0 ; 0
3065479112 ; 0.386617 ; 3.29582 ; 0 ; 0
3065584112 ; 0.404879 ; 3.29567 ; 0 ; 0
3065684112 ; 0.384182 ; 3.29567 ; 0 ; 0
3065784112 ; 0.395139 ; 3.29758 ; 0 ; 0
3065885112 ; 0.400009 ; 3.29544 ; 0 ; 0
3065987112 ; 0.390269 ; 3.29552 ; 0 ; 0
3066091112 ; 0.391487 ; 3.29506 ; 0 ; 0
3066191112 ; 0.408531 ; 3.29559 ; 0 ; 0
3066281112 ; 0.389052 ; 3.29552 ; 0 ; 0
3066382112 ; 0.401226 ; 3.29575 ; 0 ; 0
3066482112 ; 0.392704 ; 3.29552 ; 0 ; 0
3066591112 ; 0.403661 ; 3.29567 ; 0 ; 0
3066688112 ; 0.384182 ; 3.29552 ; 0 ; 0
3066785112 ; 0.404879 ; 3.29544 ; 0 ; 0
3066888112 ; 0.395139 ; 3.29597 ; 0 ; 0
3066991112 ; 0.397574 ; 3.29536 ; 0 ; 0
3067091112 ; 0.409749 ; 3.29559 ; 0 ; 0
3067190112 ; 0.396357 ; 3.29559 ; 0 ; 0
3067288112 ; 0.392704 ; 3.29536 ; 0 ; 0
3067389112 ; 0.409749 ; 3.29552 ; 0 ; 0
3067483112 ; 0.381747 ; 3.2975 ; 0 ; 0
3067590112 ; 0.407314 ; 3.29552 ; 0 ; 0
3067689112 ; 0.397574 ; 3.29567 ; 0 ; 0
3067795112 ; 0.402444 ; 3.29567 ; 0 ; 0
3067895112 ; 0.403661 ; 3.29582 ; 0 ; 0
3067996112 ; 0.400009 ; 3.29575 ; 0 ; 0
3225282112 ; 3.76019 ; 3.29552 ; 0 ; 0
3225388112 ; 3.77602 ; 3.29582 ; 0 ; 0
3225492112 ; 3.76262 ; 3.29582 ; 0 ; 0
3225597112 ; 3.77115 ; 3.29552 ; 0 ; 0
3225710112 ; 3.76019 ; 3.29544 ; 0 ; 0
3225810112 ; 3.76506 ; 3.29643 ; 0 ; 0
3225914112 ; 3.75775 ; 3.29605 ; 0 ; 0
3226019112 ; 3.76506 ; 3.29559 ; 0 ; 0
3226126112 ; 3.76628 ; 3.29575 ; 0 ; 0
3226228112 ; 3.75654 ; 3.29597 ; 0 ; 0
3226329112 ; 3.7748 ; 3.29613 ; 0 ; 0
3226431112 ; 3.75045 ; 3.29597 ; 0 ; 0
3226533112 ; 3.74314 ; 3.29567 ; 0 ; 0
3226639112 ; 3.76749 ; 3.2959 ; 0 ; 0
3226734112 ; 3.75532 ; 3.29567 ; 0 ; 0
3226835112 ; 3.77845 ; 3.29567 ; 0 ; 0
3226938112 ; 3.78089 ; 3.29666 ; 0 ; 0
3227038112 ; 3.76628 ; 3.29582 ; 0 ; 0
3227143112 ; 3.77115 ; 3.29575 ; 0 ; 0
3227245112 ; 3.75775 ; 3.29605 ; 0 ; 0
3227342112 ; 3.76993 ; 3.29597 ; 0 ; 0
3227443112 ; 3.76506 ; 3.2959 ; 0 ; 0
3227547112 ; 3.77602 ; 3.29597 ; 0 ; 0
3227653112 ; 3.75654 ; 3.29575 ; 0 ; 0
3227754112 ; 3.76384 ; 3.29552 ; 0 ; 0
3227854112 ; 3.75532 ; 3.29575 ; 0 ; 0
3227948112 ; 3.77967 ; 3.29666 ; 0 ; 0
3228044112 ; 3.76384 ; 3.2959 ; 0 ; 0
3228145112 ; 3.76628 ; 3.29567 ; 0 ; 0
3228249112 ; 3.75532 ; 3.29597 ; 0 ; 0
3228341112 ; 3.76019 ; 3.29575 ; 0 ; 0
3228444112 ; 3.76749 ; 3.29567 ; 0 ; 0
3228546112 ; 3.7541 ; 3.29575 ; 0 ; 0
3228644112 ; 3.75897 ; 3.29582 ; 0 ; 0
3228747112 ; 3.75897 ; 3.29575 ; 0 ; 0
3228852112 ; 3.76871 ; 3.2988 ; 0 ; 0
3228955112 ; 3.76871 ; 3.2959 ; 0 ; 0
3229057112 ; 3.74801 ; 3.2959 ; 0 ; 0
3229158112 ; 3.76506 ; 3.29559 ; 0 ; 0
3229267112 ; 16.4777 ; 3.29842 ; 0 ; 0
3229360112 ; 16.513 ; 3.29887 ; 0 ; 0
3229459112 ; 3.74436 ; 3.29575 ; 0 ; 0
3229553112 ; 3.76141 ; 3.29575 ; 0 ; 0
3229647112 ; 3.75167 ; 3.29582 ; 0 ; 0
3229739112 ; 3.77845 ; 3.2959 ; 0 ; 0
3229840112 ; 3.7468 ; 3.2959 ; 0 ; 0
3229938112 ; 3.73341 ; 3.29559 ; 0 ; 0
3230043112 ; 3.74436 ; 3.2959 ; 0 ; 0
3230147112 ; 3.73706 ; 3.29597 ; 0 ; 0
3230243112 ; 3.75167 ; 3.29765 ; 0 ; 0
3230349112 ; 3.7541 ; 3.29559 ; 0 ; 0
3230457112 ; 3.74801 ; 3.29575 ; 0 ; 0
3230558112 ; 3.76384 ; 3.29788 ; 0 ; 0
3230657112 ; 16.5581 ; 3.29903 ; 0 ; 0
3230765112 ; 16.552 ; 3.29865 ; 0 ; 0
3230856112 ; 3.72732 ; 3.29834 ; 0 ; 0
3230959112 ; 3.72245 ; 3.29597 ; 0 ; 0
3231067112 ; 3.73097 ; 3.29582 ; 0 ; 0
3231171112 ; 3.72367 ; 3.29765 ; 0 ; 0
3231275112 ; 3.73462 ; 3.29597 ; 0 ; 0
3231377112 ; 3.73706 ; 3.29605 ; 0 ; 0
3231481112 ; 3.7188 ; 3.2959 ; 0 ; 0
3231582112 ; 3.73341 ; 3.2962 ; 0 ; 0
3231690112 ; 3.73097 ; 3.2959 ; 0 ; 0
3231794112 ; 3.72245 ; 3.2962 ; 0 ; 0
3231908112 ; 3.7261 ; 3.29597 ; 0 ; 0
3232005112 ; 3.71514 ; 3.2959 ; 0 ; 0
3232110112 ; 3.71393 ; 3.2959 ; 0 ; 0
3232212112 ; 16.4814 ; 3.29918 ; 0 ; 0
3232312112 ; 16.5216 ; 3.29887 ; 0 ; 0
3232417112 ; 3.61896 ; 3.29597 ; 0 ; 0
3232518112 ; 3.62505 ; 3.2962 ; 0 ; 0
3232623112 ; 3.6214 ; 3.29575 ; 0 ; 0
3232717112 ; 3.62262 ; 3.29803 ; 0 ; 0
3232819112 ; 3.61166 ; 3.29643 ; 0 ; 0
3232922112 ; 3.62018 ; 3.29597 ; 0 ; 0
3233030112 ; 3.62262 ; 3.2959 ; 0 ; 0
3233123112 ; 3.61409 ; 3.29605 ; 0 ; 0
3233224112 ; 3.62505 ; 3.29582 ; 0 ; 0
3233327112 ; 3.60192 ; 3.29613 ; 0 ; 0
3233424112 ; 3.63966 ; 3.29597 ; 0 ; 0
3233529112 ; 3.61653 ; 3.29582 ; 0 ; 0
3233629112 ; 16.5727 ; 3.29903 ; 0 ; 0
3233735112 ; 16.6324 ; 3.29895 ; 0 ; 0
3233829112 ; 3.72123 ; 3.29605 ; 0 ; 0
3233930112 ; 3.70784 ; 3.29575 ; 0 ; 0
3234032112 ; 3.71393 ; 3.29559 ; 0 ; 0
3234137112 ; 3.71636 ; 3.29636 ; 0 ; 0
3234244112 ; 3.71149 ; 3.2972 ; 0 ; 0
3234347112 ; 3.72123 ; 3.29582 ; 0 ; 0
3234449112 ; 3.72367 ; 3.2959 ; 0 ; 0
3234543112 ; 3.72488 ; 3.29582 ; 0 ; 0
3234642112 ; 3.6981 ; 3.29582 ; 0 ; 0
3234744112 ; 3.7261 ; 3.29605 ; 0 ; 0
3234849112 ; 3.71514 ; 3.29567 ; 0 ; 0
3234944112 ; 3.71758 ; 3.29834 ; 0 ; 0
3235046112 ; 3.71758 ; 3.29613 ; 0 ; 0
3235150112 ; 3.71393 ; 3.29605 ; 0 ; 0
3235245112 ; 3.71149 ; 3.29582 ; 0 ; 0
3235351112 ; 17.5528 ; 3.29887 ; 0 ; 0
3235455112 ; 17.599 ; 3.29903 ; 0 ; 0
3235556112 ; 3.71758 ; 3.29712 ; 0 ; 0
3235658112 ; 3.71758 ; 3.29597 ; 0 ; 0
3235767112 ; 3.71758 ; 3.29605 ; 0 ; 0
3235871112 ; 3.71393 ; 3.29559 ; 0 ; 0
3235978112 ; 3.71514 ; 3.29582 ; 0 ; 0
3236078112 ; 3.7188 ; 3.2959 ; 0 ; 0
3236179112 ; 3.72488 ; 3.2959 ; 0 ; 0
3236279112 ; 3.69688 ; 3.29819 ; 0 ; 0
3236373112 ; 3.71393 ; 3.29796 ; 0 ; 0
3236478112 ; 3.71149 ; 3.29613 ; 0 ; 0
3236578112 ; 3.71027 ; 3.29613 ; 0 ; 0
3236688112 ; 17.4627 ; 3.29681 ; 0 ; 0
3236787112 ; 17.6161 ; 3.29979 ; 0 ; 0
3236887112 ; 17.627 ; 3.29926 ; 0 ; 0
3236987112 ; 3.73706 ; 3.29613 ; 0 ; 0
3237092112 ; 3.72001 ; 3.29575 ; 0 ; 0
3237197112 ; 3.71393 ; 3.29735 ; 0 ; 0
3237298112 ; 3.73219 ; 3.29742 ; 0 ; 0
3237399112 ; 3.72245 ; 3.29567 ; 0 ; 0
3237502112 ; 3.71758 ; 3.29597 ; 0 ; 0
3237604112 ; 3.72732 ; 3.29597 ; 0 ; 0
3237709112 ; 3.72001 ; 3.29582 ; 0 ; 0
3237813112 ; 3.7188 ; 3.29582 ; 0 ; 0
3237915112 ; 3.7261 ; 3.29597 ; 0 ; 0
3238021112 ; 16.496 ; 3.29941 ; 0 ; 0
3238124112 ; 16.5666 ; 3.29903 ; 0 ; 0
3238220112 ; 3.7188 ; 3.29613 ; 0 ; 0
3238323112 ; 3.7261 ; 3.2959 ; 0 ; 0
3238425112 ; 3.70175 ; 3.29582 ; 0 ; 0
3238528112 ; 3.71271 ; 3.2959 ; 0 ; 0
3238629112 ; 3.73341 ; 3.29575 ; 0 ; 0
3238727112 ; 3.72001 ; 3.29567 ; 0 ; 0
3238830112 ; 3.72001 ; 3.29613 ; 0 ; 0
3238923112 ; 3.71393 ; 3.29567 ; 0 ; 0
3239026112 ; 3.73219 ; 3.29605 ; 0 ; 0
3239130112 ; 3.71636 ; 3.29597 ; 0 ; 0
3239230112 ; 3.72123 ; 3.29567 ; 0 ; 0
3239331112 ; 3.73584 ; 3.2959 ; 0 ; 0
3239434112 ; 16.3986 ; 3.30009 ; 0 ; 0
3239537112 ; 16.429 ; 3.29895 ; 0 ; 0
3239640112 ; 3.72854 ; 3.29605 ; 0 ; 0
3239739112 ; 3.73097 ; 3.29582 ; 0 ; 0
3239839112 ; 3.72854 ; 3.29605 ; 0 ; 0
3239939112 ; 3.70419 ; 3.29597 ; 0 ; 0
3240030112 ; 3.72488 ; 3.29613 ; 0 ; 0
3240124112 ; 3.70297 ; 3.29613 ; 0 ; 0
3240217112 ; 3.72367 ; 3.29803 ; 0 ; 0
3240322112 ; 3.71636 ; 3.29597 ; 0 ; 0
3240425112 ; 3.72123 ; 3.29613 ; 0 ; 0
3240529112 ; 3.72245 ; 3.29559 ; 0 ; 0
3240634112 ; 3.72975 ; 3.2959 ; 0 ; 0
3240728112 ; 3.73341 ; 3.29597 ; 0 ; 0
3240830112 ; 3.73462 ; 3.29575 ; 0 ; 0
3240931112 ; 3.7188 ; 3.29613 ; 0 ; 0
3241036112 ; 3.72245 ; 3.29605 ; 0 ; 0
3241136112 ; 3.71758 ; 3.29613 ; 0 ; 0
3325453112 ; 0.389052 ; 3.29529 ; 0 ; 0
3325557112 ; 0.378095 ; 3.29552 ; 0 ; 0
3325655112 ; 0.381747 ; 3.29689 ; 0 ; 0
3325747112 ; 0.395139 ; 3.29559 ; 0 ; 0
3325842112 ; 0.389052 ; 3.29536 ; 0 ; 0
3325946112 ; 0.395139 ; 3.29521 ; 0 ; 0
3326050112 ; 0.395139 ; 3.29536 ; 0 ; 0
3326158112 ; 0.401226 ; 3.29552 ; 0 ; 0
3326259112 ; 0.381747 ; 3.29552 ; 0 ; 0
3326369112 ; 0.386617 ; 3.29544 ; 0 ; 0
3326472112 ; 0.392704 ; 3.29605 ; 0 ; 0
3326571112 ; 0.378095 ; 3.29529 ; 0 ; 0
3326673112 ; 0.393922 ; 3.29544 ; 0 ; 0
3326772112 ; 0.386617 ; 3.29811 ; 0 ; 0
3326878112 ; 0.374442 ; 3.29536 ; 0 ; 0
3326980112 ; 0.419488 ; 3.29552 ; 0 ; 0
3327082112 ; 0.381747 ; 3.29544 ; 0 ; 0
3327175112 ; 0.395139 ; 3.29681 ; 0 ; 0
3327278112 ; 0.391487 ; 3.29582 ; 0 ; 0
3327385112 ; 0.373225 ; 3.29529 ; 0 ; 0
3327486112 ; 0.403661 ; 3.29536 ; 0 ; 0
3327590112 ; 17.403 ; 3.29895 ; 0 ; 0
3327696112 ; 12.8156 ; 3.29788 ; 0 ; 0
3327796112 ; 12.8558 ; 3.29819 ; 0 ; 0
3327899112 ; 12.868 ; 3.29773 ; 0 ; 0
3328006112 ; 12.8729 ; 3.29803 ; 0 ; 0
3328109112 ; 12.8935 ; 3.29788 ; 0 ; 0
3328210112 ; 12.8923 ; 3.29811 ; 0 ; 0
3328309112 ; 12.9082 ; 3.29796 ; 0 ; 0
3328409112 ; 12.9094 ; 3.29773 ; 0 ; 0
3328511112 ; 12.9155 ; 3.29811 ; 0 ; 0
3328617112 ; 12.9118 ; 3.29803 ; 0 ; 0
3328719112 ; 12.9167 ; 3.29796 ; 0 ; 0
3328823112 ; 12.9021 ; 3.29811 ; 0 ; 0
3328927112 ; 12.9301 ; 3.29803 ; 0 ; 0
3329018112 ; 12.9374 ; 3.29842 ; 0 ; 0
3329122112 ; 12.9386 ; 3.29971 ; 0 ; 0
3329224112 ; 12.9252 ; 3.29788 ; 0 ; 0
3329327112 ; 12.9471 ; 3.29826 ; 0 ; 0
3329438112 ; 17.4663 ; 3.2988 ; 0 ; 0
3329541112 ; 13.109 ; 3.2988 ; 0 ; 0
3329640112 ; 13.0445 ; 3.29773 ; 0 ; 0
3329745112 ; 13.0713 ; 3.29788 ; 0 ; 0
3329845112 ; 13.0835 ; 3.29834 ; 0 ; 0
3329945112 ; 13.0871 ; 3.29788 ; 0 ; 0
3330042112 ; 13.0969 ; 3.29933 ; 0 ; 0
3330145112 ; 13.0981 ; 3.29826 ; 0 ; 0
3330247112 ; 13.1127 ; 3.29773 ; 0 ; 0
3330350112 ; 13.109 ; 3.29811 ; 0 ; 0
3330452112 ; 13.1407 ; 3.29788 ; 0 ; 0
3330554112 ; 13.1261 ; 3.29811 ; 0 ; 0
3330661112 ; 13.1273 ; 3.29803 ; 0 ; 0
3330773112 ; 13.1322 ; 3.29834 ; 0 ; 0
3330871112 ; 13.1395 ; 3.29834 ; 0 ; 0
3330972112 ; 13.1553 ; 3.29781 ; 0 ; 0
3331076112 ; 13.1541 ; 3.29826 ; 0 ; 0
3331180112 ; 17.554 ; 3.29926 ; 0 ; 0
3331284112 ; 17.5625 ; 3.29903 ; 0 ; 0
3331387112 ; 4.84373 ; 3.29636 ; 0 ; 0
3331488112 ; 4.96669 ; 3.2962 ; 0 ; 0
3331591112 ; 4.95208 ; 3.29651 ; 0 ; 0
3331696112 ; 4.81694 ; 3.2959 ; 0 ; 0
3331799112 ; 4.94234 ; 3.29628 ; 0 ; 0
3331901112 ; 0.37566 ; 3.29521 ; 0 ; 0
3332003112 ; 0.386617 ; 3.29506 ; 0 ; 0
3332107112 ; 0.37566 ; 3.29613 ; 0 ; 0
3332211112 ; 0.376877 ; 3.29544 ; 0 ; 0
3332313112 ; 0.37566 ; 3.29559 ; 0 ; 0
3332410112 ; 0.38053 ; 3.29544 ; 0 ; 0
3332509112 ; 0.374442 ; 3.29544 ; 0 ; 0
3332613112 ; 0.379312 ; 3.29712 ; 0 ; 0
3332723112 ; 0.372008 ; 3.29536 ; 0 ; 0
3332853112 ; 0.369573 ; 3.29529 ; 0 ; 0
3332954112 ; 0.384182 ; 3.29582 ; 0 ; 0
3333063112 ; 18.1043 ; 3.29918 ; 0 ; 0
3333163112 ; 5.3928 ; 3.29628 ; 0 ; 0
3333267112 ; 5.45611 ; 3.29651 ; 0 ; 0
3333368112 ; 5.3648 ; 3.29636 ; 0 ; 0
3333473112 ; 5.11887 ; 3.29628 ; 0 ; 0
3333574112 ; 0.37079 ; 3.29529 ; 0 ; 0
3333678112 ; 0.38053 ; 3.29552 ; 0 ; 0
3333774112 ; 0.396357 ; 3.29773 ; 0 ; 0
3333879112 ; 0.389052 ; 3.29544 ; 0 ; 0
3333981112 ; 0.382965 ; 3.29552 ; 0 ; 0
3334090112 ; 0.401226 ; 3.29529 ; 0 ; 0
3334191112 ; 0.391487 ; 3.29544 ; 0 ; 0
3334292112 ; 0.379312 ; 3.29506 ; 0 ; 0
3334398112 ; 0.386617 ; 3.29514 ; 0 ; 0
3334499112 ; 0.387834 ; 3.29514 ; 0 ; 0
3334598112 ; 0.392704 ; 3.29529 ; 0 ; 0
3334703112 ; 0.402444 ; 3.29514 ; 0 ; 0
3334810112 ; 19.3449 ; 3.29964 ; 0 ; 0
3334914112 ; 5.52307 ; 3.29651 ; 0 ; 0
3335017112 ; 5.34045 ; 3.29628 ; 0 ; 0
3335115112 ; 5.50846 ; 3.29819 ; 0 ; 0
3335224112 ; 5.37332 ; 3.29796 ; 0 ; 0
3335328112 ; 5.53889 ; 3.29605 ; 0 ; 0
3335431112 ; 5.22479 ; 3.29628 ; 0 ; 0
3335521112 ; 5.5048 ; 3.29948 ; 0 ; 0
3335622112 ; 5.4902 ; 3.29605 ; 0 ; 0
3335712112 ; 5.38184 ; 3.29636 ; 0 ; 0
3335823112 ; 5.48654 ; 3.29613 ; 0 ; 0
3335923112 ; 5.48654 ; 3.29613 ; 0 ; 0
3336036112 ; 0.373225 ; 3.29521 ; 0 ; 0
3336137112 ; 0.364703 ; 3.29544 ; 0 ; 0
3336241112 ; 19.1817 ; 3.29941 ; 0 ; 0
3336343112 ; 19.1342 ; 3.29933 ; 0 ; 0
3336443112 ; 5.20166 ; 3.29597 ; 0 ; 0
3336543112 ; 5.43663 ; 3.29636 ; 0 ; 0
3336643112 ; 5.39889 ; 3.29613 ; 0 ; 0
3336738112 ; 5.45245 ; 3.29628 ; 0 ; 0
3336842112 ; 5.45124 ; 3.29773 ; 0 ; 0
3336942112 ; 5.25644 ; 3.29605 ; 0 ; 0
3337045112 ; 5.31853 ; 3.2962 ; 0 ; 0
3337149112 ; 5.30149 ; 3.2959 ; 0 ; 0
3337251112 ; 0.357398 ; 3.29521 ; 0 ; 0
3337355112 ; 0.384182 ; 3.2959 ; 0 ; 0
3337459112 ; 0.3854 ; 3.29514 ; 0 ; 0
3337566112 ; 0.37566 ; 3.29582 ; 0 ; 0
3337674112 ; 0.382965 ; 3.29552 ; 0 ; 0
3337769112 ; 0.37079 ; 3.29536 ; 0 ; 0
3337871112 ; 17.9302 ; 3.29895 ; 0 ; 0
3337977112 ; 5.3721 ; 3.29834 ; 0 ; 0
3338080112 ; 5.47802 ; 3.29781 ; 0 ; 0
3338179112 ; 5.34775 ; 3.29758 ; 0 ; 0
3338281112 ; 5.37697 ; 3.2962 ; 0 ; 0
3338384112 ; 5.44758 ; 3.29758 ; 0 ; 0
3338491112 ; 5.3368 ; 3.29697 ; 0 ; 0
3338591112 ; 5.31245 ; 3.29643 ; 0 ; 0
3338700112 ; 5.54985 ; 3.2962 ; 0 ; 0
3338803112 ; 5.45732 ; 3.29689 ; 0 ; 0
3338902112 ; 5.32827 ; 3.29834 ; 0 ; 0
3339008112 ; 5.24062 ; 3.29628 ; 0 ; 0
3339110112 ; 0.257567 ; 3.29552 ; 0 ; 0
3339211112 ; 0.272176 ; 3.29536 ; 0 ; 0
3339310112 ; 0.260002 ; 3.29552 ; 0 ; 0
3339407112 ; 0.269741 ; 3.29521 ; 0 ; 0
3339508112 ; 0.269741 ; 3.29529 ; 0 ; 0
3339601112 ; 0.263654 ; 3.29529 ; 0 ; 0
3339717112 ; 17.8924 ; 3.29559 ; 0 ; 0
3339812112 ; 17.9971 ; 3.2991 ; 0 ; 0
3339915112 ; 5.02147 ; 3.2972 ; 0 ; 0
3340020112 ; 5.53889 ; 3.29605 ; 0 ; 0
3340122112 ; 5.50602 ; 3.29628 ; 0 ; 0
3340230112 ; 5.40984 ; 3.29597 ; 0 ; 0
3340332112 ; 5.53159 ; 3.29628 ; 0 ; 0
3340436112 ; 5.19679 ; 3.29605 ; 0 ; 0
3340542112 ; 5.48776 ; 3.29613 ; 0 ; 0
3340646112 ; 5.51333 ; 3.29636 ; 0 ; 0
3340746112 ; 5.47315 ; 3.29628 ; 0 ; 0
3340847112 ; 5.54498 ; 3.29636 ; 0 ; 0
3340950112 ; 5.01539 ; 3.29643 ; 0 ; 0
3341051112 ; 5.44271 ; 3.29628 ; 0 ; 0
3341162112 ; 5.21018 ; 3.2962 ; 0 ; 0
3341266112 ; 5.51454 ; 3.29613 ; 0 ; 0
3341368112 ; 5.48898 ; 3.29643 ; 0 ; 0
3341466112 ; 5.22844 ; 3.29628 ; 0 ; 0
3341564112 ; 5.49385 ; 3.29597 ; 0 ; 0
3341674112 ; 5.2187 ; 3.29613 ; 0 ; 0
3341773112 ; 5.35993 ; 3.29628 ; 0 ; 0
3341877112 ; 5.53159 ; 3.29605 ; 0 ; 0
3341978112 ; 5.48533 ; 3.29628 ; 0 ; 0
3342078112 ; 5.51333 ; 3.2962 ; 0 ; 0
3342182112 ; 5.21505 ; 3.29597 ; 0 ; 0
3342288112 ; 0.398792 ; 3.29521 ; 0 ; 0
3342394112 ; 0.412184 ; 3.29552 ; 0 ; 0
3342497112 ; 0.401226 ; 3.29529 ; 0 ; 0
3342599112 ; 0.397574 ; 3.29575 ; 0 ; 0
3342704112 ; 0.398792 ; 3.29491 ; 0 ; 0
3342805112 ; 0.395139 ; 3.29514 ; 0 ; 0
3342906112 ; 0.410966 ; 3.29536 ; 0 ; 0
3343002112 ; 0.413401 ; 3.29521 ; 0 ; 0
3343102112 ; 0.402444 ; 3.29536 ; 0 ; 0
3343203112 ; 0.398792 ; 3.29536 ; 0 ; 0
3343306112 ; 0.398792 ; 3.29536 ; 0 ; 0
3343406112 ; 0.402444 ; 3.29529 ; 0 ; 0
3343511112 ; 0.398792 ; 3.29498 ; 0 ; 0
3343605112 ; 0.397574 ; 3.29666 ; 0 ; 0
3343707112 ; 0.403661 ; 3.29819 ; 0 ; 0
3343799112 ; 0.409749 ; 3.29727 ; 0 ; 0
3343896112 ; 0.386617 ; 3.29727 ; 0 ; 0
3343998112 ; 0.392704 ; 3.29552 ; 0 ; 0
3344102112 ; 0.395139 ; 3.29498 ; 0 ; 0
3344207112 ; 0.396357 ; 3.29506 ; 0 ; 0
3344309112 ; 0.397574 ; 3.29529 ; 0 ; 0
3344410112 ; 0.409749 ; 3.29506 ; 0 ; 0
3344504112 ; 0.398792 ; 3.29514 ; 0 ; 0
3344608112 ; 0.395139 ; 3.29544 ; 0 ; 0
3344711112 ; 0.393922 ; 3.29521 ; 0 ; 0
3344818112 ; 0.400009 ; 3.29559 ; 0 ; 0
3344924112 ; 0.406096 ; 3.29506 ; 0 ; 0
3345017112 ; 0.387834 ; 3.29735 ; 0 ; 0
3352779112 ; 0.406096 ; 3.29536 ; 0 ; 0
3352882112 ; 0.409749 ; 3.2962 ; 0 ; 0
3352997112 ; 0.390269 ; 3.29536 ; 0 ; 0
3353099112 ; 0.395139 ; 3.29567 ; 0 ; 0
3353200112 ; 17.3994 ; 3.29903 ; 0 ; 0
3353305112 ; 12.8534 ; 3.29788 ; 0 ; 0
3353408112 ; 12.868 ; 3.29811 ; 0 ; 0
3353522112 ; 12.8692 ; 3.29803 ; 0 ; 0
3353622112 ; 12.8996 ; 3.29781 ; 0 ; 0
3353718112 ; 12.9118 ; 3.29964 ; 0 ; 0
3353822112 ; 12.9167 ; 3.29811 ; 0 ; 0
3353922112 ; 12.9155 ; 3.29788 ; 0 ; 0
3354025112 ; 12.9021 ; 3.29918 ; 0 ; 0
3354126112 ; 12.9264 ; 3.29796 ; 0 ; 0
3354227112 ; 12.9264 ; 3.29811 ; 0 ; 0
3354330112 ; 12.9167 ; 3.29803 ; 0 ; 0
3354428112 ; 12.9349 ; 3.29811 ; 0 ; 0
3354532112 ; 12.9398 ; 3.29781 ; 0 ; 0
3354632112 ; 12.9483 ; 3.29796 ; 0 ; 0
3354728112 ; 12.9435 ; 3.29781 ; 0 ; 0
3354831112 ; 12.952 ; 3.29819 ; 0 ; 0
3354933112 ; 12.9508 ; 3.29826 ; 0 ; 0
3355033112 ; 12.9532 ; 3.29926 ; 0 ; 0
3355138112 ; 12.9642 ; 3.29803 ; 0 ; 0
3355244112 ; 12.9605 ; 3.29971 ; 0 ; 0
3355350112 ; 12.9569 ; 3.29819 ; 0 ; 0
3355445112 ; 12.9605 ; 3.29826 ; 0 ; 0
3355537112 ; 12.9629 ; 3.29803 ; 0 ; 0
3355638112 ; 12.9715 ; 3.29918 ; 0 ; 0
3355739112 ; 12.9727 ; 3.29826 ; 0 ; 0
3355835112 ; 17.5479 ; 3.29918 ; 0 ; 0
3355937112 ; 0.201105 ; 3.29567 ; 0 ; 0
3356042112 ; 0.206045 ; 3.29552 ; 0 ; 0
3356137112 ; 0.203977 ; 3.29552 ; 0 ; 0
3356241112 ; 0.205118 ; 3.29544 ; 0 ; 0
3356341112 ; 0.202096 ; 3.29597 ; 0 ; 0
3356435112 ; 0.20622 ; 3.29773 ; 0 ; 0
3356537112 ; 0.210088 ; 3.29559 ; 0 ; 0
3356640112 ; 0.209268 ; 3.2975 ; 0 ; 0
3356735112 ; 0.208997 ; 3.29536 ; 0 ; 0
3356836112 ; 0.20004 ; 3.29575 ; 0 ; 0
3356939112 ; 0.212488 ; 3.29536 ; 0 ; 0
3357042112 ; 0.205835 ; 3.29552 ; 0 ; 0
3357148112 ; 0.21742 ; 3.29552 ; 0 ; 0
3357250112 ; 0.201013 ; 3.29651 ; 0 ; 0
3357352112 ; 0.208116 ; 3.29544 ; 0 ; 0
3357450112 ; 0.208497 ; 3.29819 ; 0 ; 0
3357542112 ; 0.204202 ; 3.29529 ; 0 ; 0
3357643112 ; 0.200036 ; 3.29529 ; 0 ; 0
3357736112 ; 0.207063 ; 3.29651 ; 0 ; 0
3357841112 ; 0.208497 ; 3.29559 ; 0 ; 0
3357933112 ; 0.202943 ; 3.29559 ; 0 ; 0
3405460112 ; 0.36592 ; 3.29544 ; 0 ; 0
3405566112 ; 0.373225 ; 3.29544 ; 0 ; 0
3405667112 ; 0.369573 ; 3.29536 ; 0 ; 0
3405773112 ; 0.376877 ; 3.29552 ; 0 ; 0
3405875112 ; 0.372008 ; 3.29567 ; 0 ; 0
3405977112 ; 0.369573 ; 3.29544 ; 0 ; 0
3406072112 ; 0.389052 ; 3.29536 ; 0 ; 0
3406175112 ; 0.37566 ; 3.29628 ; 0 ; 0
3406277112 ; 0.362268 ; 3.29559 ; 0 ; 0
3406385112 ; 0.384182 ; 3.29582 ; 0 ; 0
3406484112 ; 0.387834 ; 3.29697 ; 0 ; 0
3406586112 ; 0.369573 ; 3.29559 ; 0 ; 0
3406689112 ; 0.381747 ; 3.29567 ; 0 ; 0
3406798112 ; 0.37079 ; 3.29567 ; 0 ; 0
3406900112 ; 17.3701 ; 3.29842 ; 0 ; 0
3407001112 ; 17.5637 ; 3.29903 ; 0 ; 0
3407106112 ; 13.0823 ; 3.29788 ; 0 ; 0
3407205112 ; 13.0956 ; 3.29796 ; 0 ; 0
3407310112 ; 13.1103 ; 3.29796 ; 0 ; 0
3407417112 ; 13.109 ; 3.29811 ; 0 ; 0
3407520112 ; 13.1322 ; 3.29781 ; 0 ; 0
3407620112 ; 13.1358 ; 3.29819 ; 0 ; 0
3407722112 ; 13.1419 ; 3.29796 ; 0 ; 0
3407828112 ; 13.1468 ; 3.29826 ; 0 ; 0
3407922112 ; 13.1346 ; 3.30086 ; 0 ; 0
3408023112 ; 13.1553 ; 3.29826 ; 0 ; 0
3408126112 ; 13.1553 ; 3.29826 ; 0 ; 0
3408229112 ; 13.1675 ; 3.29803 ; 0 ; 0
3408332112 ; 17.3738 ; 3.29918 ; 0 ; 0
3408432112 ; 0.248346 ; 3.2962 ; 0 ; 0
3408538112 ; 0.210699 ; 3.29582 ; 0 ; 0
3408644112 ; 0.204767 ; 3.29575 ; 0 ; 0
3408746112 ; 0.211793 ; 3.29559 ; 0 ; 0
3408848112 ; 0.205938 ; 3.29567 ; 0 ; 0
3408941112 ; 0.208005 ; 3.29803 ; 0 ; 0
3409046112 ; 0.205209 ; 3.29536 ; 0 ; 0
3409140112 ; 0.206945 ; 3.29712 ; 0 ; 0
3409241112 ; 0.206792 ; 3.29552 ; 0 ; 0
3409343112 ; 0.204896 ; 3.29544 ; 0 ; 0
3409444112 ; 0.202398 ; 3.29529 ; 0 ; 0
3409547112 ; 0.215074 ; 3.29559 ; 0 ; 0
3409650112 ; 0.201776 ; 3.29521 ; 0 ; 0
3409752112 ; 0.207021 ; 3.29559 ; 0 ; 0
3409857112 ; 17.6769 ; 3.29918 ; 0 ; 0
3409967112 ; 4.83642 ; 3.29643 ; 0 ; 0
3410069112 ; 4.94964 ; 3.29773 ; 0 ; 0
3410169112 ; 4.95208 ; 3.29636 ; 0 ; 0
3410269112 ; 4.81816 ; 3.29643 ; 0 ; 0
3410371112 ; 4.88999 ; 3.2962 ; 0 ; 0
3410469112 ; 4.97643 ; 3.29704 ; 0 ; 0
3410573112 ; 0.369573 ; 3.29552 ; 0 ; 0
3410681112 ; 0.384182 ; 3.29559 ; 0 ; 0
3410791112 ; 0.381747 ; 3.29536 ; 0 ; 0
3410890112 ; 0.38053 ; 3.29559 ; 0 ; 0
3410997112 ; 0.37079 ; 3.29552 ; 0 ; 0
3411102112 ; 0.373225 ; 3.29552 ; 0 ; 0
3411207112 ; 0.38053 ; 3.29552 ; 0 ; 0
3411309112 ; 0.3854 ; 3.29536 ; 0 ; 0
3411413112 ; 18.1347 ; 3.29933 ; 0 ; 0
3411518112 ; 5.36845 ; 3.29651 ; 0 ; 0
3411619112 ; 5.33923 ; 3.29628 ; 0 ; 0
3411723112 ; 5.10061 ; 3.29628 ; 0 ; 0
3411832112 ; 5.41715 ; 3.29605 ; 0 ; 0
3411934112 ; 4.94721 ; 3.29643 ; 0 ; 0
3412039112 ; 0.216131 ; 3.29559 ; 0 ; 0
3412144112 ; 0.220022 ; 3.29575 ; 0 ; 0
3412244112 ; 0.211236 ; 3.29559 ; 0 ; 0
3412345112 ; 0.214937 ; 3.29552 ; 0 ; 0
3412446112 ; 0.208894 ; 3.29552 ; 0 ; 0
3412551112 ; 0.203557 ; 3.29559 ; 0 ; 0
3412655112 ; 0.211885 ; 3.29559 ; 0 ; 0
3412749112 ; 0.214872 ; 3.29536 ; 0 ; 0
3412846112 ; 0.212499 ; 3.29536 ; 0 ; 0
3412950112 ; 0.207593 ; 3.29521 ; 0 ; 0
3413050112 ; 0.206388 ; 3.29529 ; 0 ; 0
3413157112 ; 0.217847 ; 3.29559 ; 0 ; 0
3413256112 ; 0.213216 ; 3.2959 ; 0 ; 0
3413359112 ; 0.205205 ; 3.29552 ; 0 ; 0
3413464112 ; 19.2012 ; 3.29948 ; 0 ; 0
3413563112 ; 19.3522 ; 3.29971 ; 0 ; 0
3413668112 ; 19.4496 ; 3.29948 ; 0 ; 0
3413772112 ; 5.53889 ; 3.29643 ; 0 ; 0
3413876112 ; 5.37819 ; 3.29636 ; 0 ; 0
3413978112 ; 5.48167 ; 3.29659 ; 0 ; 0
3414079112 ; 5.52307 ; 3.29597 ; 0 ; 0
3414185112 ; 5.46463 ; 3.29651 ; 0 ; 0
3414283112 ; 5.53037 ; 3.29674 ; 0 ; 0
3414391112 ; 5.3721 ; 3.29628 ; 0 ; 0
3414490112 ; 5.3161 ; 3.29666 ; 0 ; 0
3414594112 ; 5.53646 ; 3.29636 ; 0 ; 0
3414698112 ; 0.352528 ; 3.29552 ; 0 ; 0
3414810112 ; 0.350093 ; 3.29727 ; 0 ; 0
3414909112 ; 0.359833 ; 3.29529 ; 0 ; 0
3415013112 ; 0.363485 ; 3.29544 ; 0 ; 0
3415117112 ; 0.358616 ; 3.29529 ; 0 ; 0
3415224112 ; 0.350093 ; 3.2962 ; 0 ; 0
3415326112 ; 0.347658 ; 3.29544 ; 0 ; 0
3415429112 ; 0.368355 ; 3.29544 ; 0 ; 0
3415530112 ; 0.36105 ; 3.29521 ; 0 ; 0
3415631112 ; 19.2231 ; 3.29933 ; 0 ; 0
3415735112 ; 5.40619 ; 3.29727 ; 0 ; 0
3415840112 ; 5.3441 ; 3.29643 ; 0 ; 0
3415946112 ; 5.26984 ; 3.29811 ; 0 ; 0
3416050112 ; 5.12861 ; 3.29605 ; 0 ; 0
3416153112 ; 5.4488 ; 3.29643 ; 0 ; 0
3416251112 ; 5.41471 ; 3.2962 ; 0 ; 0
3416342112 ; 5.35628 ; 3.2962 ; 0 ; 0
3416442112 ; 5.31853 ; 3.29605 ; 0 ; 0
3416546112 ; 5.2674 ; 3.29636 ; 0 ; 0
3416657112 ; 0.337919 ; 3.29559 ; 0 ; 0
3416769112 ; 0.328179 ; 3.29544 ; 0 ; 0
3416868112 ; 0.335484 ; 3.29536 ; 0 ; 0
3416969112 ; 0.342789 ; 3.29529 ; 0 ; 0
3417072112 ; 0.337919 ; 3.29529 ; 0 ; 0
3417182112 ; 0.328179 ; 3.29567 ; 0 ; 0
3417286112 ; 0.335484 ; 3.29529 ; 0 ; 0
3417388112 ; 0.329397 ; 3.29552 ; 0 ; 0
3417489112 ; 17.134 ; 3.29674 ; 0 ; 0
3417592112 ; 17.2313 ; 3.29887 ; 0 ; 0
3417696112 ; 5.38793 ; 3.29643 ; 0 ; 0
3417801112 ; 5.53402 ; 3.29613 ; 0 ; 0
3417902112 ; 5.41958 ; 3.29636 ; 0 ; 0
3418005112 ; 5.44637 ; 3.2972 ; 0 ; 0
3418107112 ; 5.48776 ; 3.29628 ; 0 ; 0
3418207112 ; 5.36967 ; 3.29651 ; 0 ; 0
3418310112 ; 5.52307 ; 3.2959 ; 0 ; 0
3418411112 ; 5.31732 ; 3.29613 ; 0 ; 0
3418512112 ; 5.48898 ; 3.29597 ; 0 ; 0
3418614112 ; 5.52063 ; 3.2962 ; 0 ; 0
3418723112 ; 5.26497 ; 3.29613 ; 0 ; 0
3418826112 ; 0.288003 ; 3.29552 ; 0 ; 0
3418927112 ; 0.281916 ; 3.29552 ; 0 ; 0
3419030112 ; 0.297743 ; 3.29521 ; 0 ; 0
3419130112 ; 0.283133 ; 3.29727 ; 0 ; 0
3419239112 ; 0.289221 ; 3.29529 ; 0 ; 0
3419333112 ; 0.279481 ; 3.29514 ; 0 ; 0
3419436112 ; 0.284351 ; 3.29529 ; 0 ; 0
3419538112 ; 18.1237 ; 3.29895 ; 0 ; 0
3419640112 ; 5.41837 ; 3.29857 ; 0 ; 0
3419740112 ; 5.47802 ; 3.2962 ; 0 ; 0
3419843112 ; 5.53402 ; 3.2962 ; 0 ; 0
3419942112 ; 5.08356 ; 3.29605 ; 0 ; 0
3420045112 ; 5.46585 ; 3.29613 ; 0 ; 0
3420147112 ; 5.5255 ; 3.29613 ; 0 ; 0
3420246112 ; 5.30027 ; 3.29605 ; 0 ; 0
3420351112 ; 5.5255 ; 3.29628 ; 0 ; 0
3420450112 ; 5.11522 ; 3.29597 ; 0 ; 0
3420554112 ; 5.46585 ; 3.29613 ; 0 ; 0
3420657112 ; 5.31853 ; 3.2959 ; 0 ; 0
3420762112 ; 5.49507 ; 3.29636 ; 0 ; 0
3420865112 ; 5.52915 ; 3.2962 ; 0 ; 0
3420968112 ; 5.22235 ; 3.29613 ; 0 ; 0
3421069112 ; 5.52672 ; 3.29613 ; 0 ; 0
3421171112 ; 5.21262 ; 3.29613 ; 0 ; 0
3421272112 ; 5.46219 ; 3.29643 ; 0 ; 0
3421375112 ; 5.53402 ; 3.2959 ; 0 ; 0
3421475112 ; 5.21018 ; 3.2962 ; 0 ; 0
3421578112 ; 5.53768 ; 3.29681 ; 0 ; 0
3421685112 ; 5.18096 ; 3.2959 ; 0 ; 0
3421781112 ; 5.36236 ; 3.29605 ; 0 ; 0
3421890112 ; 5.4415 ; 3.2959 ; 0 ; 0
3421992112 ; 0.374442 ; 3.29559 ; 0 ; 0
3422094112 ; 0.3854 ; 3.29529 ; 0 ; 0
3422198112 ; 0.391487 ; 3.29567 ; 0 ; 0
3422299112 ; 0.374442 ; 3.29559 ; 0 ; 0
3422402112 ; 0.38053 ; 3.29521 ; 0 ; 0
3422509112 ; 0.37079 ; 3.29521 ; 0 ; 0
3422608112 ; 0.38053 ; 3.29529 ; 0 ; 0
3422714112 ; 0.378095 ; 3.29514 ; 0 ; 0
3422818112 ; 0.372008 ; 3.29758 ; 0 ; 0
3422911112 ; 0.374442 ; 3.29521 ; 0 ; 0
3423013112 ; 0.37566 ; 3.29514 ; 0 ; 0
3423127112 ; 0.376877 ; 3.29536 ; 0 ; 0
3423229112 ; 0.389052 ; 3.29544 ; 0 ; 0
3423324112 ; 0.384182 ; 3.29582 ; 0 ; 0
3423421112 ; 0.374442 ; 3.29796 ; 0 ; 0
3423527112 ; 0.384182 ; 3.29498 ; 0 ; 0
