#Time (us) ; Current (mA) ; Voltage (V) ; PC ; IRQ 
3038386112 ; 0.199724 ; 3.29567 ; 0 ; 0
3038486112 ; 0.204103 ; 3.29529 ; 0 ; 0
3038588112 ; 0.206434 ; 3.29575 ; 0 ; 0
3038681112 ; 0.198801 ; 3.2959 ; 0 ; 0
3038782112 ; 0.204526 ; 3.29559 ; 0 ; 0
3038879112 ; 0.204767 ; 3.29536 ; 0 ; 0
3038980112 ; 0.203779 ; 3.29544 ; 0 ; 0
3039081112 ; 0.203088 ; 3.29575 ; 0 ; 0
3039178112 ; 0.20614 ; 3.29559 ; 0 ; 0
3039280112 ; 0.2086 ; 3.29559 ; 0 ; 0
3039381112 ; 0.198617 ; 3.29536 ; 0 ; 0
3039486112 ; 0.214784 ; 3.29552 ; 0 ; 0
3039586112 ; 0.204252 ; 3.29582 ; 0 ; 0
3039678112 ; 0.205732 ; 3.29536 ; 0 ; 0
3039781112 ; 0.202943 ; 3.29552 ; 0 ; 0
3039884112 ; 0.205427 ; 3.29529 ; 0 ; 0
3039983112 ; 0.206071 ; 3.29536 ; 0 ; 0
3040083112 ; 0.201902 ; 3.29552 ; 0 ; 0
3040183112 ; 0.198633 ; 3.29575 ; 0 ; 0
3040287112 ; 0.205041 ; 3.29544 ; 0 ; 0
3040388112 ; 0.197565 ; 3.29575 ; 0 ; 0
3040489112 ; 0.204339 ; 3.29529 ; 0 ; 0
3040592112 ; 0.203111 ; 3.29544 ; 0 ; 0
3040689112 ; 0.204145 ; 3.29842 ; 0 ; 0
3040790112 ; 0.205827 ; 3.29552 ; 0 ; 0
3040887112 ; 0.204503 ; 3.29536 ; 0 ; 0
3040989112 ; 0.200983 ; 3.29582 ; 0 ; 0
3041092112 ; 0.198221 ; 3.29567 ; 0 ; 0
3041191112 ; 0.20614 ; 3.29575 ; 0 ; 0
3041294112 ; 0.197557 ; 3.29552 ; 0 ; 0
3041396112 ; 0.200017 ; 3.29567 ; 0 ; 0
3041500112 ; 0.210176 ; 3.29529 ; 0 ; 0
3041603112 ; 0.202657 ; 3.29674 ; 0 ; 0
3041703112 ; 0.209585 ; 3.29529 ; 0 ; 0
3041803112 ; 0.20725 ; 3.29544 ; 0 ; 0
3041906112 ; 0.200983 ; 3.29536 ; 0 ; 0
3042010112 ; 0.204435 ; 3.29559 ; 0 ; 0
3042112112 ; 0.199792 ; 3.29552 ; 0 ; 0
3042214112 ; 0.208768 ; 3.29567 ; 0 ; 0
3042315112 ; 0.209306 ; 3.29605 ; 0 ; 0
3042415112 ; 0.204206 ; 3.29575 ; 0 ; 0
3042521112 ; 0.208578 ; 3.29613 ; 0 ; 0
3042622112 ; 17.3933 ; 3.29887 ; 0 ; 0
3042731112 ; 12.9106 ; 3.29819 ; 0 ; 0
3042832112 ; 12.8655 ; 3.29773 ; 0 ; 0
3042943112 ; 12.8729 ; 3.29803 ; 0 ; 0
3043044112 ; 12.8741 ; 3.29811 ; 0 ; 0
3043146112 ; 12.8935 ; 3.29796 ; 0 ; 0
3043248112 ; 12.8972 ; 3.29819 ; 0 ; 0
3043347112 ; 12.9142 ; 3.29796 ; 0 ; 0
3043448112 ; 12.8984 ; 3.29811 ; 0 ; 0
3043553112 ; 17.5576 ; 3.29941 ; 0 ; 0
3043655112 ; 4.76824 ; 3.29689 ; 0 ; 0
3043750112 ; 4.75607 ; 3.29613 ; 0 ; 0
3043853112 ; 0.206403 ; 3.29544 ; 0 ; 0
3043955112 ; 0.204641 ; 3.29575 ; 0 ; 0
3044058112 ; 0.210142 ; 3.2962 ; 0 ; 0
3044159112 ; 0.200578 ; 3.29529 ; 0 ; 0
3044262112 ; 0.203252 ; 3.29559 ; 0 ; 0
3044362112 ; 0.208665 ; 3.29704 ; 0 ; 0
3044464112 ; 0.203535 ; 3.29559 ; 0 ; 0
3044559112 ; 18.097 ; 3.29926 ; 0 ; 0
3044663112 ; 18.1639 ; 3.29933 ; 0 ; 0
3044764112 ; 5.114 ; 3.29605 ; 0 ; 0
3044866112 ; 5.42324 ; 3.29651 ; 0 ; 0
3044963112 ; 5.30636 ; 3.29628 ; 0 ; 0
3045053112 ; 0.387834 ; 3.29567 ; 0 ; 0
3045160112 ; 0.374442 ; 3.29567 ; 0 ; 0
3045260112 ; 0.390269 ; 3.29559 ; 0 ; 0
3045359112 ; 0.384182 ; 3.29529 ; 0 ; 0
3045460112 ; 17.5235 ; 3.29865 ; 0 ; 0
3045552112 ; 13.1334 ; 3.29811 ; 0 ; 0
3045646112 ; 13.1529 ; 3.29781 ; 0 ; 0
3045748112 ; 13.0713 ; 3.29803 ; 0 ; 0
3045851112 ; 13.081 ; 3.29819 ; 0 ; 0
3045955112 ; 13.0993 ; 3.29796 ; 0 ; 0
3046055112 ; 13.103 ; 3.29803 ; 0 ; 0
3046151112 ; 13.1078 ; 3.29803 ; 0 ; 0
3046252112 ; 13.1322 ; 3.29788 ; 0 ; 0
3046358112 ; 13.1224 ; 3.29803 ; 0 ; 0
3046462112 ; 13.1297 ; 3.29788 ; 0 ; 0
3046573112 ; 17.5661 ; 3.29895 ; 0 ; 0
3046689112 ; 17.5613 ; 3.29903 ; 0 ; 0
3046785112 ; 17.7475 ; 3.29926 ; 0 ; 0
3046877112 ; 17.7256 ; 3.29933 ; 0 ; 0
3046978112 ; 17.7646 ; 3.29895 ; 0 ; 0
3047090112 ; 4.84616 ; 3.29933 ; 0 ; 0
3047193112 ; 4.94356 ; 3.29643 ; 0 ; 0
3047295112 ; 0.37079 ; 3.29567 ; 0 ; 0
3047393112 ; 0.374442 ; 3.29636 ; 0 ; 0
3047503112 ; 0.376877 ; 3.29536 ; 0 ; 0
3047608112 ; 0.38053 ; 3.29735 ; 0 ; 0
3047713112 ; 0.376877 ; 3.29536 ; 0 ; 0
3047818112 ; 0.373225 ; 3.29582 ; 0 ; 0
3047918112 ; 0.379312 ; 3.29582 ; 0 ; 0
3048021112 ; 0.384182 ; 3.29544 ; 0 ; 0
3048122112 ; 0.37566 ; 3.29552 ; 0 ; 0
3048229112 ; 0.372008 ; 3.29544 ; 0 ; 0
3048331112 ; 0.373225 ; 3.29536 ; 0 ; 0
3048434112 ; 0.36592 ; 3.29552 ; 0 ; 0
3048541112 ; 0.38053 ; 3.29559 ; 0 ; 0
3048653112 ; 0.363485 ; 3.29529 ; 0 ; 0
3048756112 ; 0.367138 ; 3.29559 ; 0 ; 0
3048860112 ; 0.367138 ; 3.29514 ; 0 ; 0
3048965112 ; 0.376877 ; 3.29651 ; 0 ; 0
3049076112 ; 0.386617 ; 3.29529 ; 0 ; 0
3049176112 ; 0.379312 ; 3.29544 ; 0 ; 0
3049279112 ; 0.378095 ; 3.29498 ; 0 ; 0
3049379112 ; 19.1196 ; 3.29933 ; 0 ; 0
3049484112 ; 19.3741 ; 3.29964 ; 0 ; 0
3049588112 ; 5.52185 ; 3.29834 ; 0 ; 0
3049692112 ; 5.51941 ; 3.29674 ; 0 ; 0
3049792112 ; 5.36601 ; 3.29628 ; 0 ; 0
3049897112 ; 5.49507 ; 3.29643 ; 0 ; 0
3050003112 ; 5.32097 ; 3.29651 ; 0 ; 0
3050106112 ; 5.53524 ; 3.29643 ; 0 ; 0
3050207112 ; 5.3234 ; 3.29651 ; 0 ; 0
3050305112 ; 5.22966 ; 3.29636 ; 0 ; 0
3050406112 ; 5.48046 ; 3.29651 ; 0 ; 0
3050499112 ; 5.38549 ; 3.30002 ; 0 ; 0
3050600112 ; 5.45732 ; 3.29613 ; 0 ; 0
3050707112 ; 17.9375 ; 3.29933 ; 0 ; 0
3050808112 ; 18.0008 ; 3.29956 ; 0 ; 0
3050910112 ; 5.07139 ; 3.29643 ; 0 ; 0
3051011112 ; 5.32462 ; 3.29628 ; 0 ; 0
3051112112 ; 5.142 ; 3.2962 ; 0 ; 0
3051213112 ; 5.28932 ; 3.29643 ; 0 ; 0
3051318112 ; 5.49994 ; 3.29659 ; 0 ; 0
3051421112 ; 5.45489 ; 3.29628 ; 0 ; 0
3051523112 ; 5.53524 ; 3.29643 ; 0 ; 0
3051620112 ; 5.04826 ; 3.29643 ; 0 ; 0
3051728112 ; 17.0049 ; 3.29895 ; 0 ; 0
3051827112 ; 17.2667 ; 3.29987 ; 0 ; 0
3051929112 ; 5.31853 ; 3.29666 ; 0 ; 0
3052032112 ; 5.48533 ; 3.2959 ; 0 ; 0
3052135112 ; 5.33193 ; 3.2962 ; 0 ; 0
3052244112 ; 5.53524 ; 3.29628 ; 0 ; 0
3052345112 ; 5.52794 ; 3.29651 ; 0 ; 0
3052453112 ; 5.51333 ; 3.2962 ; 0 ; 0
3052553112 ; 5.50846 ; 3.29704 ; 0 ; 0
3052658112 ; 19.1988 ; 3.29964 ; 0 ; 0
3052753112 ; 19.161 ; 3.29933 ; 0 ; 0
3052846112 ; 5.46585 ; 3.29636 ; 0 ; 0
3052949112 ; 5.45976 ; 3.29659 ; 0 ; 0
3053052112 ; 5.4135 ; 3.29651 ; 0 ; 0
3053147112 ; 5.46463 ; 3.29659 ; 0 ; 0
3053246112 ; 5.31245 ; 3.29643 ; 0 ; 0
3053352112 ; 5.37819 ; 3.29643 ; 0 ; 0
3053446112 ; 5.37819 ; 3.29651 ; 0 ; 0
3053549112 ; 5.30879 ; 3.29651 ; 0 ; 0
3053651112 ; 5.34654 ; 3.29659 ; 0 ; 0
3053753112 ; 5.2394 ; 3.29659 ; 0 ; 0
3053858112 ; 0.317222 ; 3.29567 ; 0 ; 0
3053962112 ; 0.31357 ; 3.29575 ; 0 ; 0
3054066112 ; 0.318439 ; 3.29605 ; 0 ; 0
3054171112 ; 0.319657 ; 3.29575 ; 0 ; 0
3054274112 ; 0.309917 ; 3.29567 ; 0 ; 0
3054382112 ; 0.317222 ; 3.29567 ; 0 ; 0
3054484112 ; 0.317222 ; 3.29559 ; 0 ; 0
3054588112 ; 0.301395 ; 3.2959 ; 0 ; 0
3054694112 ; 0.312352 ; 3.29544 ; 0 ; 0
3054798112 ; 0.323309 ; 3.29575 ; 0 ; 0
3054900112 ; 0.3087 ; 3.29613 ; 0 ; 0
3055002112 ; 0.31357 ; 3.29552 ; 0 ; 0
3055102112 ; 17.4286 ; 3.29918 ; 0 ; 0
3055209112 ; 12.9471 ; 3.29773 ; 0 ; 0
3055311112 ; 12.8765 ; 3.29819 ; 0 ; 0
3055412112 ; 12.8887 ; 3.30078 ; 0 ; 0
3055515112 ; 12.8875 ; 3.29788 ; 0 ; 0
3055618112 ; 12.9033 ; 3.29788 ; 0 ; 0
3055718112 ; 12.8996 ; 3.29834 ; 0 ; 0
3055816112 ; 12.9155 ; 3.29819 ; 0 ; 0
3055915112 ; 12.9276 ; 3.29819 ; 0 ; 0
3056022112 ; 12.9203 ; 3.29826 ; 0 ; 0
3056119112 ; 12.9252 ; 3.29803 ; 0 ; 0
3056224112 ; 12.9203 ; 3.29849 ; 0 ; 0
3056325112 ; 12.9459 ; 3.29803 ; 0 ; 0
3056429112 ; 12.941 ; 3.29811 ; 0 ; 0
3056529112 ; 12.9337 ; 3.29781 ; 0 ; 0
3056640112 ; 12.9605 ; 3.29834 ; 0 ; 0
3056742112 ; 12.9544 ; 3.29781 ; 0 ; 0
3056842112 ; 12.9447 ; 3.29796 ; 0 ; 0
3056946112 ; 12.952 ; 3.29834 ; 0 ; 0
3057042112 ; 12.9556 ; 3.29849 ; 0 ; 0
3057147112 ; 12.9763 ; 3.29857 ; 0 ; 0
3057247112 ; 12.969 ; 3.29849 ; 0 ; 0
3057346112 ; 12.969 ; 3.29826 ; 0 ; 0
3057446112 ; 12.9739 ; 3.29819 ; 0 ; 0
3057550112 ; 12.9727 ; 3.29811 ; 0 ; 0
3057642112 ; 12.9763 ; 3.30009 ; 0 ; 0
3057756112 ; 12.9812 ; 3.29857 ; 0 ; 0
3057855112 ; 12.9776 ; 3.29834 ; 0 ; 0
3057948112 ; 12.9776 ; 3.29819 ; 0 ; 0
3058042112 ; 12.9727 ; 3.29887 ; 0 ; 0
3058140112 ; 12.9909 ; 3.29849 ; 0 ; 0
3058247112 ; 12.9861 ; 3.29826 ; 0 ; 0
3058346112 ; 12.9922 ; 3.29948 ; 0 ; 0
3058449112 ; 12.9983 ; 3.29826 ; 0 ; 0
3058542112 ; 17.4919 ; 3.29933 ; 0 ; 0
3058643112 ; 13.1261 ; 3.29834 ; 0 ; 0
3058740112 ; 13.075 ; 3.29842 ; 0 ; 0
3058833112 ; 13.081 ; 3.29849 ; 0 ; 0
3058925112 ; 13.1054 ; 3.29834 ; 0 ; 0
3059025112 ; 13.1005 ; 3.29834 ; 0 ; 0
3059130112 ; 13.1261 ; 3.29834 ; 0 ; 0
3059234112 ; 13.1115 ; 3.29819 ; 0 ; 0
3059334112 ; 13.1407 ; 3.29819 ; 0 ; 0
3059434112 ; 13.1346 ; 3.29865 ; 0 ; 0
3059536112 ; 13.1456 ; 3.29849 ; 0 ; 0
3059646112 ; 13.137 ; 3.29979 ; 0 ; 0
3059741112 ; 13.1468 ; 3.29796 ; 0 ; 0
3059844112 ; 17.6453 ; 3.29933 ; 0 ; 0
3059948112 ; 17.6903 ; 3.29964 ; 0 ; 0
3060049112 ; 4.94964 ; 3.29666 ; 0 ; 0
3060150112 ; 4.94721 ; 3.29666 ; 0 ; 0
3060258112 ; 4.95573 ; 3.29674 ; 0 ; 0
3060364112 ; 4.97399 ; 3.29643 ; 0 ; 0
3060468112 ; 4.84738 ; 3.29651 ; 0 ; 0
3060571112 ; 0.381747 ; 3.29567 ; 0 ; 0
3060686112 ; 0.3854 ; 3.2959 ; 0 ; 0
3060796112 ; 0.379312 ; 3.29559 ; 0 ; 0
3060902112 ; 0.392704 ; 3.29575 ; 0 ; 0
3061003112 ; 0.381747 ; 3.29536 ; 0 ; 0
3061114112 ; 0.38053 ; 3.29544 ; 0 ; 0
3061216112 ; 0.378095 ; 3.29597 ; 0 ; 0
3061316112 ; 0.3854 ; 3.29552 ; 0 ; 0
3061420112 ; 0.386617 ; 3.29567 ; 0 ; 0
3061523112 ; 0.379312 ; 3.29559 ; 0 ; 0
3061626112 ; 0.37566 ; 3.29811 ; 0 ; 0
3061734112 ; 18.0921 ; 3.29933 ; 0 ; 0
3061834112 ; 17.8839 ; 3.29933 ; 0 ; 0
3061937112 ; 18.1895 ; 3.29933 ; 0 ; 0
3062041112 ; 5.4135 ; 3.29636 ; 0 ; 0
3062143112 ; 5.38184 ; 3.29666 ; 0 ; 0
3062237112 ; 5.45611 ; 3.29674 ; 0 ; 0
3062341112 ; 5.40619 ; 3.29666 ; 0 ; 0
3062442112 ; 4.96547 ; 3.29659 ; 0 ; 0
3062547112 ; 0.212835 ; 3.29582 ; 0 ; 0
3062664112 ; 0.211484 ; 3.29559 ; 0 ; 0
3062757112 ; 0.215505 ; 3.29758 ; 0 ; 0
3062869112 ; 0.214586 ; 3.29582 ; 0 ; 0
3062976112 ; 0.216215 ; 3.29567 ; 0 ; 0
3063083112 ; 0.211988 ; 3.29567 ; 0 ; 0
3063186112 ; 0.205556 ; 3.29582 ; 0 ; 0
3063290112 ; 0.208303 ; 3.29575 ; 0 ; 0
3063396112 ; 0.210462 ; 3.29567 ; 0 ; 0
3063500112 ; 0.210329 ; 3.29559 ; 0 ; 0
3063621112 ; 0.219388 ; 3.29544 ; 0 ; 0
3063731112 ; 0.208021 ; 3.29987 ; 0 ; 0
3063834112 ; 0.210817 ; 3.29552 ; 0 ; 0
3063938112 ; 18.1846 ; 3.29903 ; 0 ; 0
3064041112 ; 18.2114 ; 3.29941 ; 0 ; 0
3064143112 ; 18.1797 ; 3.29956 ; 0 ; 0
3064246112 ; 5.25157 ; 3.29674 ; 0 ; 0
3064351112 ; 5.14444 ; 3.29636 ; 0 ; 0
3064444112 ; 0.401226 ; 3.29567 ; 0 ; 0
3064549112 ; 0.398792 ; 3.29559 ; 0 ; 0
3064658112 ; 0.396357 ; 3.29567 ; 0 ; 0
3064760112 ; 0.397574 ; 3.29521 ; 0 ; 0
3064866112 ; 0.387834 ; 3.29552 ; 0 ; 0
3064967112 ; 0.408531 ; 3.29544 ; 0 ; 0
3065067112 ; 0.404879 ; 3.29552 ; 0 ; 0
3065168112 ; 0.382965 ; 3.2959 ; 0 ; 0
3065270112 ; 0.393922 ; 3.29552 ; 0 ; 0
3065377112 ; 0.390269 ; 3.29582 ; 0 ; 0
3065479112 ; 0.386617 ; 3.29582 ; 0 ; 0
3065584112 ; 0.404879 ; 3.29567 ; 0 ; 0
3065684112 ; 0.384182 ; 3.29567 ; 0 ; 0
3065784112 ; 0.395139 ; 3.29758 ; 0 ; 0
3065885112 ; 0.400009 ; 3.29544 ; 0 ; 0
3065987112 ; 0.390269 ; 3.29552 ; 0 ; 0
3066091112 ; 0.391487 ; 3.29506 ; 0 ; 0
3066191112 ; 0.408531 ; 3.29559 ; 0 ; 0
3066281112 ; 0.389052 ; 3.29552 ; 0 ; 0
3066382112 ; 0.401226 ; 3.29575 ; 0 ; 0
3066482112 ; 0.392704 ; 3.29552 ; 0 ; 0
3066591112 ; 0.403661 ; 3.29567 ; 0 ; 0
3066688112 ; 0.384182 ; 3.29552 ; 0 ; 0
3066785112 ; 0.404879 ; 3.29544 ; 0 ; 0
3066888112 ; 0.395139 ; 3.29597 ; 0 ; 0
3066991112 ; 0.397574 ; 3.29536 ; 0 ; 0
3067091112 ; 0.409749 ; 3.29559 ; 0 ; 0
3067190112 ; 0.396357 ; 3.29559 ; 0 ; 0
3067288112 ; 0.392704 ; 3.29536 ; 0 ; 0
3067389112 ; 0.409749 ; 3.29552 ; 0 ; 0
3067483112 ; 0.381747 ; 3.2975 ; 0 ; 0
3067590112 ; 0.407314 ; 3.29552 ; 0 ; 0
3067689112 ; 0.397574 ; 3.29567 ; 0 ; 0
3067795112 ; 0.402444 ; 3.29567 ; 0 ; 0
3067895112 ; 0.403661 ; 3.29582 ; 0 ; 0
3067996112 ; 0.400009 ; 3.29575 ; 0 ; 0
3225282112 ; 3.76019 ; 3.29552 ; 0 ; 0
3225388112 ; 3.77602 ; 3.29582 ; 0 ; 0
3225492112 ; 3.76262 ; 3.29582 ; 0 ; 0
3225597112 ; 3.77115 ; 3.29552 ; 0 ; 0
3225710112 ; 3.76019 ; 3.29544 ; 0 ; 0
3225810112 ; 3.76506 ; 3.29643 ; 0 ; 0
3225914112 ; 3.75775 ; 3.29605 ; 0 ; 0
3226019112 ; 3.76506 ; 3.29559 ; 0 ; 0
3226126112 ; 3.76628 ; 3.29575 ; 0 ; 0
3226228112 ; 3.75654 ; 3.29597 ; 0 ; 0
3226329112 ; 3.7748 ; 3.29613 ; 0 ; 0
3226431112 ; 3.75045 ; 3.29597 ; 0 ; 0
3226533112 ; 3.74314 ; 3.29567 ; 0 ; 0
3226639112 ; 3.76749 ; 3.2959 ; 0 ; 0
3226734112 ; 3.75532 ; 3.29567 ; 0 ; 0
3226835112 ; 3.77845 ; 3.29567 ; 0 ; 0
3226938112 ; 3.78089 ; 3.29666 ; 0 ; 0
3227038112 ; 3.76628 ; 3.29582 ; 0 ; 0
3227143112 ; 3.77115 ; 3.29575 ; 0 ; 0
3227245112 ; 3.75775 ; 3.29605 ; 0 ; 0
3227342112 ; 3.76993 ; 3.29597 ; 0 ; 0
3227443112 ; 3.76506 ; 3.2959 ; 0 ; 0
3227547112 ; 3.77602 ; 3.29597 ; 0 ; 0
3227653112 ; 3.75654 ; 3.29575 ; 0 ; 0
3227754112 ; 3.76384 ; 3.29552 ; 0 ; 0
3227854112 ; 3.75532 ; 3.29575 ; 0 ; 0
3227948112 ; 3.77967 ; 3.29666 ; 0 ; 0
3228044112 ; 3.76384 ; 3.2959 ; 0 ; 0
3228145112 ; 3.76628 ; 3.29567 ; 0 ; 0
3228249112 ; 3.75532 ; 3.29597 ; 0 ; 0
3228341112 ; 3.76019 ; 3.29575 ; 0 ; 0
3228444112 ; 3.76749 ; 3.29567 ; 0 ; 0
3228546112 ; 3.7541 ; 3.29575 ; 0 ; 0
3228644112 ; 3.75897 ; 3.29582 ; 0 ; 0
3228747112 ; 3.75897 ; 3.29575 ; 0 ; 0
3228852112 ; 3.76871 ; 3.2988 ; 0 ; 0
3228955112 ; 3.76871 ; 3.2959 ; 0 ; 0
3229057112 ; 3.74801 ; 3.2959 ; 0 ; 0
3229158112 ; 3.76506 ; 3.29559 ; 0 ; 0
3229267112 ; 16.4777 ; 3.29842 ; 0 ; 0
3229360112 ; 16.513 ; 3.29887 ; 0 ; 0
3229459112 ; 3.74436 ; 3.29575 ; 0 ; 0
3229553112 ; 3.76141 ; 3.29575 ; 0 ; 0
3229647112 ; 3.75167 ; 3.29582 ; 0 ; 0
3229739112 ; 3.77845 ; 3.2959 ; 0 ; 0
3229840112 ; 3.7468 ; 3.2959 ; 0 ; 0
3229938112 ; 3.73341 ; 3.29559 ; 0 ; 0
3230043112 ; 3.74436 ; 3.2959 ; 0 ; 0
3230147112 ; 3.73706 ; 3.29597 ; 0 ; 0
3230243112 ; 3.75167 ; 3.29765 ; 0 ; 0
3230349112 ; 3.7541 ; 3.29559 ; 0 ; 0
3230457112 ; 3.74801 ; 3.29575 ; 0 ; 0
3230558112 ; 3.76384 ; 3.29788 ; 0 ; 0
3230657112 ; 16.5581 ; 3.29903 ; 0 ; 0
3230765112 ; 16.552 ; 3.29865 ; 0 ; 0
3230856112 ; 3.72732 ; 3.29834 ; 0 ; 0
3230959112 ; 3.72245 ; 3.29597 ; 0 ; 0
3231067112 ; 3.73097 ; 3.29582 ; 0 ; 0
3231171112 ; 3.72367 ; 3.29765 ; 0 ; 0
3231275112 ; 3.73462 ; 3.29597 ; 0 ; 0
3231377112 ; 3.73706 ; 3.29605 ; 0 ; 0
3231481112 ; 3.7188 ; 3.2959 ; 0 ; 0
3231582112 ; 3.73341 ; 3.2962 ; 0 ; 0
3231690112 ; 3.73097 ; 3.2959 ; 0 ; 0
3231794112 ; 3.72245 ; 3.2962 ; 0 ; 0
3231908112 ; 3.7261 ; 3.29597 ; 0 ; 0
3232005112 ; 3.71514 ; 3.2959 ; 0 ; 0
3232110112 ; 3.71393 ; 3.2959 ; 0 ; 0
3232212112 ; 16.4814 ; 3.29918 ; 0 ; 0
3232312112 ; 16.5216 ; 3.29887 ; 0 ; 0
3232417112 ; 3.61896 ; 3.29597 ; 0 ; 0
3232518112 ; 3.62505 ; 3.2962 ; 0 ; 0
3232623112 ; 3.6214 ; 3.29575 ; 0 ; 0
3232717112 ; 3.62262 ; 3.29803 ; 0 ; 0
3232819112 ; 3.61166 ; 3.29643 ; 0 ; 0
3232922112 ; 3.62018 ; 3.29597 ; 0 ; 0
3233030112 ; 3.62262 ; 3.2959 ; 0 ; 0
3233123112 ; 3.61409 ; 3.29605 ; 0 ; 0
3233224112 ; 3.62505 ; 3.29582 ; 0 ; 0
3233327112 ; 3.60192 ; 3.29613 ; 0 ; 0
3233424112 ; 3.63966 ; 3.29597 ; 0 ; 0
3233529112 ; 3.61653 ; 3.29582 ; 0 ; 0
3233629112 ; 16.5727 ; 3.29903 ; 0 ; 0
3233735112 ; 16.6324 ; 3.29895 ; 0 ; 0
3233829112 ; 3.72123 ; 3.29605 ; 0 ; 0
3233930112 ; 3.70784 ; 3.29575 ; 0 ; 0
3234032112 ; 3.71393 ; 3.29559 ; 0 ; 0
3234137112 ; 3.71636 ; 3.29636 ; 0 ; 0
3234244112 ; 3.71149 ; 3.2972 ; 0 ; 0
3234347112 ; 3.72123 ; 3.29582 ; 0 ; 0
3234449112 ; 3.72367 ; 3.2959 ; 0 ; 0
3234543112 ; 3.72488 ; 3.29582 ; 0 ; 0
3234642112 ; 3.6981 ; 3.29582 ; 0 ; 0
3234744112 ; 3.7261 ; 3.29605 ; 0 ; 0
3234849112 ; 3.71514 ; 3.29567 ; 0 ; 0
3234944112 ; 3.71758 ; 3.29834 ; 0 ; 0
3235046112 ; 3.71758 ; 3.29613 ; 0 ; 0
3235150112 ; 3.71393 ; 3.29605 ; 0 ; 0
3235245112 ; 3.71149 ; 3.29582 ; 0 ; 0
3235351112 ; 17.5528 ; 3.29887 ; 0 ; 0
3235455112 ; 17.599 ; 3.29903 ; 0 ; 0
3235556112 ; 3.71758 ; 3.29712 ; 0 ; 0
3235658112 ; 3.71758 ; 3.29597 ; 0 ; 0
3235767112 ; 3.71758 ; 3.29605 ; 0 ; 0
3235871112 ; 3.71393 ; 3.29559 ; 0 ; 0
3235978112 ; 3.71514 ; 3.29582 ; 0 ; 0
3236078112 ; 3.7188 ; 3.2959 ; 0 ; 0
3236179112 ; 3.72488 ; 3.2959 ; 0 ; 0
3236279112 ; 3.69688 ; 3.29819 ; 0 ; 0
3236373112 ; 3.71393 ; 3.29796 ; 0 ; 0
3236478112 ; 3.71149 ; 3.29613 ; 0 ; 0
3236578112 ; 3.71027 ; 3.29613 ; 0 ; 0
3236688112 ; 17.4627 ; 3.29681 ; 0 ; 0
3236787112 ; 17.6161 ; 3.29979 ; 0 ; 0
3236887112 ; 17.627 ; 3.29926 ; 0 ; 0
3236987112 ; 3.73706 ; 3.29613 ; 0 ; 0
3237092112 ; 3.72001 ; 3.29575 ; 0 ; 0
3237197112 ; 3.71393 ; 3.29735 ; 0 ; 0
3237298112 ; 3.73219 ; 3.29742 ; 0 ; 0
3237399112 ; 3.72245 ; 3.29567 ; 0 ; 0
3237502112 ; 3.71758 ; 3.29597 ; 0 ; 0
3237604112 ; 3.72732 ; 3.29597 ; 0 ; 0
3237709112 ; 3.72001 ; 3.29582 ; 0 ; 0
3237813112 ; 3.7188 ; 3.29582 ; 0 ; 0
3237915112 ; 3.7261 ; 3.29597 ; 0 ; 0
3238021112 ; 16.496 ; 3.29941 ; 0 ; 0
3238124112 ; 16.5666 ; 3.29903 ; 0 ; 0
3238220112 ; 3.7188 ; 3.29613 ; 0 ; 0
3238323112 ; 3.7261 ; 3.2959 ; 0 ; 0
3238425112 ; 3.70175 ; 3.29582 ; 0 ; 0
3238528112 ; 3.71271 ; 3.2959 ; 0 ; 0
3238629112 ; 3.73341 ; 3.29575 ; 0 ; 0
3238727112 ; 3.72001 ; 3.29567 ; 0 ; 0
3238830112 ; 3.72001 ; 3.29613 ; 0 ; 0
3238923112 ; 3.71393 ; 3.29567 ; 0 ; 0
3239026112 ; 3.73219 ; 3.29605 ; 0 ; 0
3239130112 ; 3.71636 ; 3.29597 ; 0 ; 0
3239230112 ; 3.72123 ; 3.29567 ; 0 ; 0
3239331112 ; 3.73584 ; 3.2959 ; 0 ; 0
3239434112 ; 16.3986 ; 3.30009 ; 0 ; 0
3239537112 ; 16.429 ; 3.29895 ; 0 ; 0
3239640112 ; 3.72854 ; 3.29605 ; 0 ; 0
3239739112 ; 3.73097 ; 3.29582 ; 0 ; 0
3239839112 ; 3.72854 ; 3.29605 ; 0 ; 0
3239939112 ; 3.70419 ; 3.29597 ; 0 ; 0
3240030112 ; 3.72488 ; 3.29613 ; 0 ; 0
3240124112 ; 3.70297 ; 3.29613 ; 0 ; 0
3240217112 ; 3.72367 ; 3.29803 ; 0 ; 0
3240322112 ; 3.71636 ; 3.29597 ; 0 ; 0
3240425112 ; 3.72123 ; 3.29613 ; 0 ; 0
3240529112 ; 3.72245 ; 3.29559 ; 0 ; 0
3240634112 ; 3.72975 ; 3.2959 ; 0 ; 0
3240728112 ; 3.73341 ; 3.29597 ; 0 ; 0
3240830112 ; 3.73462 ; 3.29575 ; 0 ; 0
3240931112 ; 3.7188 ; 3.29613 ; 0 ; 0
3241036112 ; 3.72245 ; 3.29605 ; 0 ; 0
3241136112 ; 3.71758 ; 3.29613 ; 0 ; 0
